,timestamp,stateEstimateX,stateEstimateY,stateEstimateZ,stateEstimateVX,stateEstimateVY,stateEstimateVZ,posCtltargetX,posCtltargetY,posCtltargetZ,posCtltargetVX,posCtltargetVY,posCtltargetVZ,kalmanStateX,kalmanStateY,kalmanStateZ,kalmanVarX,kalmanVarY,kalmanVarZ,velocity,errorX,errorY,errorZ,error
0,1746551127882314475,1.3142024278640747,1.006465196609497,0.009860062971711159,-0.054348498582839966,0.07263926416635513,-0.03154175728559494,1.285955548286438,1.0517051219940186,0.011256687343120575,0.0053598880767822266,0.012324094772338867,0.0014363133814185858,1.315279483795166,1.004909634590149,0.010600650683045387,1.5096520655788481e-06,4.175828507868573e-06,2.350062686673482e-06,0.0960474073023414,-0.02824687957763672,0.045239925384521484,0.0013966243714094162,0.05335248461229708
1,1746551127981235090,1.3082290887832642,1.001036524772644,0.0039473483338952065,-0.08138545602560043,0.002288315212354064,-0.040065258741378784,1.290900707244873,1.0538941621780396,0.010067541152238846,0.01274418830871582,0.04613947868347168,0.011753062717616558,1.3119301795959473,1.00365149974823,0.00471118651330471,2.8691033548966516e-06,5.690425496140961e-06,3.2378943615185563e-06,0.09074168720615493,-0.017328381538391113,0.05285763740539551,0.006120192818343639,0.055961231213707455
2,1746551128082199915,1.3027023077011108,0.9905495643615723,0.00379111897200346,-0.06912653893232346,-0.05700075626373291,-0.019269395619630814,1.3257989883422852,1.0175418853759766,0.012869243510067463,0.02277517318725586,0.08125805854797363,0.02061142399907112,1.3035331964492798,0.993166983127594,0.0031272657215595245,4.491047093324596e-06,7.335864665947156e-06,3.5423629469732987e-06,0.09164537198869,0.023096680641174316,0.026992321014404297,0.009078124538064003,0.036666802362813805
3,1746551128181394926,1.3045403957366943,0.9736829400062561,0.006643607281148434,-0.004882339388132095,-0.1121211126446724,-0.007830820046365261,1.3330414295196533,1.014876365661621,0.021318767219781876,0.022733449935913086,0.12883257865905762,0.030061908066272736,1.3033223152160645,0.9778235554695129,0.007021408062428236,6.147753538243705e-06,9.001146281661931e-06,2.4548103283450473e-06,0.11250023502721573,0.028501033782958984,0.04119342565536499,0.014675159938633442,0.05219739038635862
4,1746551128281251922,1.3245623111724854,0.9840281009674072,0.011539907194674015,0.11265332251787186,-0.03486522659659386,0.025775054469704628,1.321966528892517,1.0341163873672485,0.03465775400400162,-0.017822742462158203,0.12332761287689209,0.04904283210635185,1.3232122659683228,0.9828577041625977,0.011131328530609608,2.3854520350141684e-06,7.628586445207475e-06,2.29755710279278e-06,0.12070918992712912,-0.0025957822799682617,0.05008828639984131,0.023117846809327602,0.05522688983834834
5,1746551128381426001,1.3273468017578125,1.047066330909729,-0.0007186502916738391,0.17509019374847412,0.31612226366996765,-0.05826835334300995,1.3242613077163696,1.0350606441497803,0.056152645498514175,-0.01808309555053711,0.029149532318115234,0.10744047164916992,1.3240240812301636,1.0324959754943848,0.004314943216741085,1.5485428548345226e-06,6.0115680753369816e-06,2.659008032424026e-06,0.36603970076483316,-0.003085494041442871,-0.01200568675994873,0.056871295790188015,0.058206538059850675
6,1746551128481176046,1.40628182888031,0.9965755939483643,0.014183146879076958,0.2738349139690399,0.4090375304222107,0.018648549914360046,1.3226264715194702,1.0393931865692139,0.08422001451253891,-0.11574125289916992,0.03142571449279785,0.1818944215774536,1.3748135566711426,1.0313009023666382,-0.002889398019760847,2.059130565612577e-06,4.055114004586358e-06,3.0050719033170026e-06,0.492590123547195,-0.08365535736083984,0.04281759262084961,0.07003686763346195,0.11720378782668214
7,1746551128581362930,1.3548959493637085,0.9496942758560181,0.04080451279878616,-0.15187375247478485,-0.03288499265909195,0.15583238005638123,1.3436152935028076,1.0128662586212158,0.11764694005250931,-0.07575249671936035,0.18287348747253418,0.1699376255273819,1.3596937656402588,0.9533017873764038,0.038507286459207535,1.1733378642020398e-06,1.872564780569519e-06,1.6834852658575983e-06,0.22006996639023052,-0.011280655860900879,0.06317198276519775,0.07684242725372314,0.10011349174503031
8,1746551128680949415,1.3194183111190796,0.9277011156082153,0.04425634816288948,-0.3169902563095093,-0.2097884863615036,0.1160159558057785,1.3544915914535522,0.9977158308029175,0.154605433344841,0.0030095577239990234,0.22759616374969482,0.2670212984085083,1.3251649141311646,0.9251065254211426,0.029464116320014,2.4699970708752517e-06,3.323308646940859e-06,2.9011862352490425e-06,0.39743393615360467,0.035073280334472656,0.07001471519470215,0.11034908518195152,0.13531118186502308
9,1746551128781218956,1.3021643161773682,0.9264180064201355,0.06185341998934746,-0.19571815431118011,-0.10467012226581573,0.16724403202533722,1.3542969226837158,0.9964443445205688,0.19287855923175812,0.06179213523864746,0.22636032104492188,0.2967883348464966,1.299149513244629,0.9185619354248047,0.055975235998630524,1.8622868083184585e-06,4.15404019804555e-06,2.923675992860808e-06,0.27790645309205714,0.052132606506347656,0.07002633810043335,0.13102513924241066,0.1574454947033893
10,1746551128880880858,1.2961475849151611,0.9230473041534424,0.06913991272449493,-0.04346752539277077,0.008700897917151451,0.11912345141172409,1.3668622970581055,0.9769662618637085,0.2301355004310608,0.07560229301452637,0.20390748977661133,0.3570018410682678,1.2967520952224731,0.9222171902656555,0.06682093441486359,2.396209765720414e-06,5.275817329675192e-06,2.3222544314194238e-06,0.12710439828966286,0.07071471214294434,0.05391895771026611,0.16099558770656586,0.18392227645123221
11,1746551128980858545,1.2990567684173584,0.9222539067268372,0.07595151662826538,0.058601852506399155,0.07708093523979187,0.12130732834339142,1.3808612823486328,0.9546266198158264,0.26417040824890137,0.07629895210266113,0.1849956512451172,0.42215657234191895,1.3007489442825317,0.9242257475852966,0.07273653894662857,4.157238890911685e-06,7.279204965016106e-06,2.8848044166807085e-06,0.15521312961355468,0.08180451393127441,0.03237271308898926,0.188218891620636,0.20776506495360283
12,1746551129081386393,1.3151817321777344,0.9381760358810425,0.09155060350894928,0.15090619027614594,0.18201205134391785,0.20252515375614166,1.3848859071731567,0.9464057683944702,0.29321393370628357,0.060362815856933594,0.15575063228607178,0.4590683579444885,1.3113014698028564,0.9327690005302429,0.08830861747264862,5.980900368740549e-06,9.145623153017368e-06,3.345782715769019e-06,0.3113157609277599,0.06970417499542236,0.008229732513427734,0.2016633301973343,0.21352868485361426
13,1746551129181662276,1.312789797782898,0.9404257535934448,0.1257755011320114,0.08205589652061462,0.1481347531080246,0.32078734040260315,1.3846664428710938,0.9446979761123657,0.3160897195339203,0.05550718307495117,0.12893450260162354,0.4503701627254486,1.3154568672180176,0.9410589337348938,0.12058281898498535,8.059359970502555e-06,1.1243089829804376e-05,3.7196168705122545e-06,0.36274177178090866,0.0718766450881958,0.0042722225189208984,0.19031421840190887,0.20347974277631448
14,1746551129281373875,1.3846359252929688,0.9926629066467285,0.1631973832845688,0.24065281450748444,0.22204674780368805,0.34989261627197266,1.3755390644073486,0.9564216136932373,0.332410991191864,-0.07789826393127441,0.025591015815734863,0.4140140116214752,1.381456732749939,0.991354763507843,0.1598091572523117,2.638128307808074e-06,9.246201443602331e-06,2.1219100290181814e-06,0.47921120423276237,-0.009096860885620117,-0.03624129295349121,0.16921360790729523,0.17329001498619861
15,1746551129380582208,1.4105355739593506,1.0307222604751587,0.19181811809539795,0.23920588195323944,0.25427404046058655,0.31940758228302,1.377241611480713,0.9529713988304138,0.342594712972641,-0.1314389705657959,-0.051221370697021484,0.384929358959198,1.4055640697479248,1.025590419769287,0.18538601696491241,2.109719162035617e-06,9.27935525396606e-06,2.1561040739470627e-06,0.4731764419675427,-0.033293962478637695,-0.07775086164474487,0.15077659487724304,0.17287933938676844
16,1746551129480923876,1.4239343404769897,1.069258451461792,0.21420760452747345,0.1284131109714508,0.21785378456115723,0.24065886437892914,1.3750418424606323,0.9556138515472412,0.3477952480316162,-0.16327881813049316,-0.12600970268249512,0.34897714853286743,1.4219787120819092,1.0623104572296143,0.21266667544841766,2.005295982598909e-06,9.272468560084235e-06,2.621208295749966e-06,0.3490943819673142,-0.04889249801635742,-0.11364459991455078,0.13358764350414276,0.18207479218444206
17,1746551129579753005,1.4310909509658813,1.0817667245864868,0.24463799595832825,0.012044946663081646,0.1010381430387497,0.23691964149475098,1.369179368019104,0.9637969136238098,0.3496758043766022,-0.17813706398010254,-0.1611994504928589,0.3137331008911133,1.4307438135147095,1.080183506011963,0.23569373786449432,4.750394964503357e-06,1.3282805412018206e-05,3.6862975321128033e-06,0.2578462790401224,-0.061911582946777344,-0.117969810962677,0.10503780841827393,0.16965512547182138
18,1746551129679861066,1.4270669221878052,1.083754062652588,0.26360562443733215,-0.08698887377977371,-0.020310018211603165,0.18452103435993195,1.3678226470947266,0.9656850695610046,0.34999600052833557,-0.17150497436523438,-0.16723930835723877,0.27148574590682983,1.428553819656372,1.0841233730316162,0.259838342666626,1.0291658327332698e-05,2.1040474166511558e-05,2.5166636987705715e-06,0.20500627581244493,-0.05924427509307861,-0.11806899309158325,0.08639037609100342,0.1578400086863585
19,1746551129780124047,1.4192137718200684,1.0708396434783936,0.270381361246109,-0.1409522444009781,-0.13097257912158966,0.1182224377989769,1.3674542903900146,0.9662047624588013,0.35000190138816833,-0.15446925163269043,-0.14589834213256836,0.2607370615005493,1.4209564924240112,1.0743390321731567,0.26802492141723633,1.8177586753154173e-05,3.070452657993883e-05,2.899896344388253e-06,0.2258271384988241,-0.05175948143005371,-0.10463488101959229,0.07962054014205933,0.1413043971587777
20,1746551129880571178,1.4097462892532349,1.0533853769302368,0.27580758929252625,-0.15759660303592682,-0.19246806204319,0.11177316308021545,1.3661881685256958,0.967994213104248,0.35000190138816833,-0.13412952423095703,-0.11384201049804688,0.25902995467185974,1.4114679098129272,1.0586434602737427,0.27115121483802795,2.822070018737577e-05,4.2005583964055404e-05,3.360172513566795e-06,0.27271575711733487,-0.04355812072753906,-0.08539116382598877,0.07419431209564209,0.1212178068116119
21,1746551129980044016,1.3939939737319946,1.0260385274887085,0.29412639141082764,-0.16650421917438507,-0.22613099217414856,0.17230556905269623,1.3648419380187988,0.9698914289474487,0.35000190138816833,-0.10565567016601562,-0.056508660316467285,0.221682608127594,1.3979638814926147,1.03006911277771,0.2907430827617645,4.076240657013841e-05,5.5622702348046005e-05,2.355144943066989e-06,0.3294663711991103,-0.0291520357131958,-0.056147098541259766,0.0558755099773407,0.08440622296995215
22,1746551130089011926,1.3499540090560913,1.0186197757720947,0.3179531991481781,-0.21405430138111115,-0.16577990353107452,0.19805319607257843,1.356561303138733,0.9814400672912598,0.35000190138816833,-0.016575336456298828,-0.037872314453125,0.17750316858291626,1.3543421030044556,1.0192753076553345,0.31365954875946045,4.9598238547332585e-06,2.5385124899912626e-05,2.466467776685022e-06,0.33545087394295325,0.0066072940826416016,-0.03717970848083496,0.032048702239990234,0.04952884384963914
23,1746551130179731013,1.3320226669311523,1.001025915145874,0.339293509721756,-0.1670619398355484,-0.11980687826871872,0.16656585037708282,1.3529123067855835,0.9864639043807983,0.35000190138816833,0.020578861236572266,-0.007195472717285156,0.13434714078903198,1.3355348110198975,1.0032192468643188,0.3360055387020111,4.77194180348306e-06,2.1595096768578514e-05,2.99905582323845e-06,0.26458942218832693,0.020889639854431152,-0.014562010765075684,0.010708391666412354,0.027624244113664143
24,1746551130279264873,1.3254663944244385,0.9902201294898987,0.3515961766242981,-0.08050137013196945,-0.06517047435045242,0.0941881388425827,1.358497142791748,0.9787587523460388,0.35000190138816833,0.035772085189819336,0.014439582824707031,0.10923219472169876,1.3272202014923096,0.9916813373565674,0.3494057357311249,2.4599253265478183e-06,1.461399642721517e-05,2.9512175387935713e-06,0.13999666717039003,0.03303074836730957,-0.011461377143859863,-0.0015942752361297607,0.03499907452014773
25,1746551130379651341,1.321568250656128,0.9863540530204773,0.35473841428756714,-0.014802882447838783,-0.013394265435636044,0.02224963903427124,1.35986328125,0.9768595695495605,0.35000190138816833,0.04471254348754883,0.02418839931488037,0.10074692219495773,1.3221675157546997,0.9862107634544373,0.354319304227829,2.2446661205322016e-06,1.2439168131095357e-05,2.073040832328843e-06,0.029892776928217533,0.03829503059387207,-0.009494483470916748,-0.004736512899398804,0.039737754579383076
26,1746551130479202158,1.3226672410964966,0.9864445328712463,0.35406309366226196,0.03134278953075409,0.0184022206813097,0.0036524045281112194,1.3554623126983643,0.982957124710083,0.35000190138816833,0.0436246395111084,0.023534178733825684,0.1017284169793129,1.3221758604049683,0.9862655997276306,0.35399129986763,1.8347716377320467e-06,1.1194186299690045e-05,2.22889093492995e-06,0.036528786462319524,0.032795071601867676,-0.00348740816116333,-0.004061192274093628,0.03322908394375827
27,1746551130579424887,1.3257700204849243,0.9903799295425415,0.35472384095191956,0.049525387585163116,0.04037490487098694,0.018554331734776497,1.3557243347167969,0.9825956225395203,0.35000190138816833,0.03783583641052246,0.01658344268798828,0.10057345777750015,1.3248182535171509,0.9895374178886414,0.3543184995651245,1.8433229342917912e-06,1.1383577657397836e-05,2.5584492959751515e-06,0.06653690844130052,0.02995431423187256,-0.00778430700302124,-0.004721939563751221,0.03130739672765475
28,1746551130681021191,1.3290643692016602,0.9945964217185974,0.3574187457561493,0.047043345868587494,0.042505599558353424,0.03485855087637901,1.3531582355499268,0.9861266016960144,0.35000190138816833,0.02922368049621582,0.009673237800598145,0.0950482115149498,1.3288891315460205,0.9935103058815002,0.3562796413898468,2.758699793048436e-06,1.3839284292771481e-05,3.1698386919742916e-06,0.07235275360017576,0.0240938663482666,-0.008469820022583008,-0.007416844367980957,0.026594394657557682
29,1746551130779417269,1.3533804416656494,0.934673547744751,0.37995266914367676,0.08100498467683792,-0.11078434437513351,0.08172520995140076,1.3473836183547974,0.9940022230148315,0.35000190138816833,-0.018648386001586914,0.12650132179260254,0.0546017587184906,1.3528285026550293,0.936143159866333,0.37619465589523315,1.000003976514563e-06,3.7400775454443647e-06,1.720216459943913e-06,0.1597309877347644,-0.005996823310852051,0.059328675270080566,-0.029950767755508423,0.06673006884657509
30,1746551130879958477,1.351714849472046,0.9441341757774353,0.3833368420600891,0.021815788000822067,0.0018112793331965804,0.04530451446771622,1.3454915285110474,0.9965618252754211,0.35000190138816833,-0.017149925231933594,0.1118776798248291,0.04555802792310715,1.352418065071106,0.9426484704017639,0.3802106976509094,1.3528231193049578e-06,6.221454441401875e-06,2.1118733002367662e-06,0.050316084605970535,-0.006223320960998535,0.05242764949798584,-0.033334940671920776,0.06243882145963148
31,1746551130979127395,1.3408209085464478,0.9782533049583435,0.37332433462142944,-0.04617784544825554,0.15938088297843933,-0.03199334815144539,1.3440449237823486,0.9985119700431824,0.35000190138816833,0.00036334991455078125,0.058722734451293945,0.050728894770145416,1.3442505598068237,0.9678175449371338,0.37733203172683716,1.6502848438904039e-06,9.140308975474909e-06,2.394627244939329e-06,0.16899181517212467,0.003224015235900879,0.020258665084838867,-0.02332243323326111,0.03106032319826876
32,1746551131079311435,1.332635760307312,1.0050655603408813,0.36343732476234436,-0.06248881295323372,0.20582982897758484,-0.060943856835365295,1.342796802520752,1.000190019607544,0.35000190138816833,0.02155756950378418,-0.009126901626586914,0.07604820281267166,1.333370566368103,1.0020966529846191,0.36450543999671936,2.7701864837581525e-06,1.2236670045240317e-05,2.200254812123603e-06,0.22357308408485926,0.010161042213439941,-0.004875540733337402,-0.013435423374176025,0.017536484184382462
33,1746551131178912367,1.3266617059707642,1.0252759456634521,0.35462871193885803,-0.04883952438831329,0.17170654237270355,-0.039782147854566574,1.3450262546539307,0.9971897006034851,0.35000190138816833,0.032877445220947266,-0.049285292625427246,0.09354588389396667,1.3282742500305176,1.0201970338821411,0.35559770464897156,6.646095698670251e-06,2.103707993228454e-05,2.7828327802126296e-06,0.1828962960914963,0.018364548683166504,-0.02808624505996704,-0.004626810550689697,0.033874786874265185
34,1746551131278937705,1.315078854560852,1.0590754747390747,0.35647013783454895,-0.043292753398418427,0.15035155415534973,0.0414341501891613,1.3460041284561157,0.995869517326355,0.35000190138816833,0.05246257781982422,-0.1047980785369873,0.08902405202388763,1.3183032274246216,1.0494965314865112,0.35679060220718384,3.831122285191668e-06,1.9020957552129403e-05,2.567188403190812e-06,0.1618537646631777,0.030925273895263672,-0.06320595741271973,-0.006468236446380615,0.07066260468367906
35,1746551131379315388,1.3341366052627563,1.0117326974868774,0.3758701980113983,0.039220865815877914,-0.06286170333623886,0.08855968713760376,1.3438740968704224,0.9987419247627258,0.35000190138816833,0.01941990852355957,-0.020582079887390137,0.04448893666267395,1.3344014883041382,1.0086536407470703,0.37900039553642273,1.6790947938716272e-06,7.657233254576568e-06,2.6081729629368056e-06,0.11546726050093449,0.009737491607666016,-0.012990772724151611,-0.02586829662322998,0.030540918273151828
36,1746551131478362359,1.3337963819503784,1.015094518661499,0.38415393233299255,0.035478636622428894,-0.06388328969478607,0.06381300836801529,1.340246558189392,1.003604531288147,0.35000190138816833,0.022528648376464844,-0.03656649589538574,0.03565321862697601,1.332777976989746,1.0171399116516113,0.38260552287101746,1.9455676465440774e-06,9.67062806012109e-06,2.084213292619097e-06,0.0970149905725435,0.006450176239013672,-0.01148998737335205,-0.03415203094482422,0.03660581649151344
37,1746551131577839644,1.3491302728652954,0.9799433350563049,0.3951953053474426,0.08018120378255844,-0.16176588833332062,0.041206683963537216,1.3264057636260986,1.021827220916748,0.35000190138816833,-0.007391214370727539,0.030406475067138672,0.010546311736106873,1.347559928894043,0.983064591884613,0.39435550570487976,1.3794407323075575e-06,5.5484815675299615e-06,2.063917918349034e-06,0.18518968349116902,-0.022724509239196777,0.041883885860443115,-0.04519340395927429,0.06567424895923146
38,1746551131678966341,1.3490469455718994,0.9847304224967957,0.390024334192276,0.04715517908334732,-0.08685114979743958,-0.01804679073393345,1.3310891389846802,1.0157188177108765,0.35000190138816833,-0.012738466262817383,0.03542459011077881,0.01278173178434372,1.3502479791641235,0.9806336164474487,0.39215874671936035,1.7728497141433763e-06,8.307508323923685e-06,2.4061973817879334e-06,0.1004610361847529,-0.01795780658721924,0.03098839521408081,-0.040022432804107666,0.053708086755416586
39,1746551131777883697,1.3460878133773804,0.9969840049743652,0.3834930956363678,0.006124911364167929,0.017171498388051987,-0.03928513824939728,1.33860445022583,1.005793809890747,0.35000190138816833,-0.004804849624633789,0.005959272384643555,0.027772225439548492,1.3478643894195557,0.9907176494598389,0.38740190863609314,1.7365252915624296e-06,1.0786256098072045e-05,2.66435790763353e-06,0.043309317512332635,-0.007483363151550293,0.008809804916381836,-0.03349119424819946,0.03542983882115914
40,1746551131878373755,1.3411542177200317,1.0133049488067627,0.3744615316390991,-0.025099480524659157,0.08577371388673782,-0.048533421009778976,1.3367586135864258,1.008245825767517,0.35000190138816833,0.00515294075012207,-0.02742457389831543,0.044168323278427124,1.3418443202972412,1.0113414525985718,0.3753066658973694,1.6133807321239146e-06,1.0193070011155214e-05,2.0533684619294945e-06,0.10169860801133987,-0.004395604133605957,-0.0050591230392456055,-0.024459630250930786,0.02536118241797586
41,1746551131978405153,1.3544979095458984,0.979329526424408,0.3792183995246887,0.025772687047719955,-0.05105630308389664,0.006361088249832392,1.337472677230835,1.007298231124878,0.35000190138816833,-0.02069258689880371,0.03813767433166504,0.033992402255535126,1.3540624380111694,0.9798036813735962,0.37929463386535645,1.3021535778534599e-06,5.567527750827139e-06,2.107941554641002e-06,0.05754512078340422,-0.017025232315063477,0.02796870470046997,-0.029216498136520386,0.043882920839037956
42,1746551132077966731,1.3512916564941406,0.9857001304626465,0.3722256124019623,0.005111040081828833,-0.0330580472946167,0.003234475152567029,1.342273473739624,1.0008920431137085,0.35000190138816833,-0.015372037887573242,0.029025793075561523,0.04015851765871048,1.3516829013824463,0.9843182563781738,0.37542760372161865,1.9890060229954543e-06,8.597364285378717e-06,2.48133846980636e-06,0.03360683042424187,-0.009018182754516602,0.015191912651062012,-0.022223711013793945,0.028390406150951505
43,1746551132177313576,1.3437728881835938,0.999719500541687,0.37478935718536377,-0.0314585380256176,0.025969117879867554,0.025451550260186195,1.3417178392410278,1.0016368627548218,0.35000190138816833,-4.5299530029296875e-06,-0.0020232200622558594,0.041044771671295166,1.344713568687439,0.9989044070243835,0.37429964542388916,2.4284909159177914e-06,1.127363520936342e-05,1.9868828076141654e-06,0.04808134886642085,-0.002055048942565918,0.0019173622131347656,-0.024787455797195435,0.024946291686553653
44,1746551132278405588,1.3366705179214478,1.014874815940857,0.37959524989128113,-0.04309554025530815,0.06968898326158524,0.04665812477469444,1.341421127319336,1.0020339488983154,0.35000190138816833,0.010946035385131836,-0.023256778717041016,0.033138029277324677,1.3386664390563965,1.0100698471069336,0.3778887987136841,2.9168329547246685e-06,1.4544422811013646e-05,2.282126388308825e-06,0.09429082980556142,0.004750609397888184,-0.012840867042541504,-0.029593348503112793,0.0326070917391021
45,1746551132377833484,1.350325107574463,0.9742430448532104,0.39542120695114136,0.015233080834150314,-0.06664378941059113,0.059584252536296844,1.3401329517364502,1.0037562847137451,0.35000190138816833,-0.012021780014038086,0.045958757400512695,-0.0012815967202186584,1.3500277996063232,0.9754237532615662,0.3941747844219208,1.4657790643468616e-06,6.654707249253988e-06,2.142705398000544e-06,0.0906847537848131,-0.010192155838012695,0.029513239860534668,-0.04541930556297302,0.05511646474071519
46,1746551132478253656,1.343859314918518,0.9895209670066833,0.39091756939888,-0.008460260927677155,0.008631019853055477,-0.0029734077397733927,1.3390933275222778,1.0051428079605103,0.35000190138816833,-0.004043102264404297,0.029363512992858887,-0.000581890344619751,1.3460562229156494,0.9837351441383362,0.3927464187145233,1.919382384585333e-06,9.548941307002679e-06,2.5525996534270234e-06,0.012446351764881259,-0.004765987396240234,0.015621840953826904,-0.04091566801071167,0.04405506145053663
47,1746551132577697881,1.3500524759292603,0.9746903777122498,0.3898000717163086,0.00997618492692709,-0.010986360721290112,-0.030100896954536438,1.336333155632019,1.0088095664978027,0.35000190138816833,-0.014222860336303711,0.05170762538909912,0.00730384886264801,1.3510191440582275,0.9725186228752136,0.38778841495513916,1.4797566336710588e-06,5.789934675703989e-06,1.9094054550805595e-06,0.03356022027731902,-0.013719320297241211,0.03411918878555298,-0.03979817032814026,0.054187020164151514
48,1746551132676856422,1.3498698472976685,0.9790750741958618,0.3787548542022705,0.0034056047443300486,0.028318623080849648,-0.05635891109704971,1.337728500366211,1.0069584846496582,0.35000190138816833,-0.011432647705078125,0.038691043853759766,0.02137552946805954,1.3497014045715332,0.9790453314781189,0.37987127900123596,3.033503162441775e-06,1.0150880370929372e-05,2.581033868409577e-06,0.06316541313816436,-0.01214134693145752,0.027883410453796387,-0.028752952814102173,0.04185246921478923
49,1746551132777990118,1.3498016595840454,0.9826465249061584,0.37535589933395386,-0.004591993987560272,0.04419957101345062,-0.012682954780757427,1.3400475978851318,0.9357972741127014,0.3500002920627594,-0.010799407958984375,-0.10466873645782471,0.026926591992378235,1.3497411012649536,0.9822582602500916,0.37641602754592896,7.460267170245061e-06,1.8880045900004916e-05,3.150770453430596e-06,0.04621196629148766,-0.009754061698913574,-0.04684925079345703,-0.025355607271194458,0.054156263161572515
50,1746551132876537572,1.3476788997650146,0.9908495545387268,0.3754976987838745,-0.017400719225406647,0.035308778285980225,0.01799452304840088,1.3418081998825073,0.8415600061416626,0.3499999940395355,-0.010586023330688477,-0.29913532733917236,0.031568609178066254,1.349820852279663,0.9874204397201538,0.3734835386276245,1.547897954878863e-05,3.2319643651135266e-05,3.6658739190897904e-06,0.043281609412652106,-0.005870699882507324,-0.1492895483970642,-0.02549770474433899,0.1515650597101434
51,1746551132977332340,1.3447086811065674,0.9940981864929199,0.37561094760894775,-0.025334862992167473,-0.035863254219293594,0.014867707155644894,1.3436088562011719,0.7867075204849243,0.35000085830688477,-0.003773927688598633,-0.41317081451416016,0.026733845472335815,1.3461215496063232,0.9924446940422058,0.3752438426017761,2.7894668164663017e-05,5.0384653150103986e-05,2.495040916983271e-06,0.046358138466676926,-0.0010998249053955078,-0.2073906660079956,-0.02561008930206299,0.20896883651904213
52,1746551133077927708,1.342818021774292,0.9816011190414429,0.38035768270492554,-0.02171245776116848,-0.1691587269306183,0.02005905844271183,1.3444560766220093,0.7343012690544128,0.3500005006790161,0.003658771514892578,-0.5071022510528564,0.01589979976415634,1.342160701751709,0.9884854555130005,0.3799716830253601,4.688578701461665e-05,7.62978961574845e-05,2.992228473885916e-06,0.17172207646201504,0.0016380548477172852,-0.24729984998703003,-0.030357182025909424,0.24916150892111302
53,1746551133177798966,1.417443871498108,0.9486870765686035,0.38949984312057495,0.146743506193161,-0.3155258595943451,0.025474702939391136,1.3399040699005127,0.6927521824836731,0.35000020265579224,-0.13565874099731445,-0.5388932228088379,-0.005484655499458313,1.4135898351669312,0.9535742402076721,0.3897404372692108,2.941865568573121e-05,2.5340947104268707e-05,3.156542788929073e-06,0.3489114288361201,-0.07753980159759521,-0.2559348940849304,-0.039499640464782715,0.2703244577149949
54,1746551133276265049,1.422610878944397,0.9054771661758423,0.3921828269958496,0.06621440500020981,-0.44921445846557617,-0.00268396339379251,1.336383581161499,0.6507333517074585,0.3500003218650818,-0.15128517150878906,-0.5635098218917847,-0.01235797256231308,1.4231386184692383,0.9154390692710876,0.3921585977077484,4.335573248681612e-05,3.6905057640979066e-05,2.3439254164259182e-06,0.4540761838981999,-0.08622729778289795,-0.2547438144683838,-0.04218250513076782,0.2722295385000499
55,1746551133376905841,1.346753716468811,0.823227047920227,0.4029982388019562,-0.17239852249622345,-0.5556435585021973,0.0093673812225461,1.3397104740142822,0.5953351259231567,0.3500003516674042,-0.008032798767089844,-0.49698925018310547,-0.03571460396051407,1.3499815464019775,0.8337867259979248,0.40263745188713074,2.650447186169913e-06,4.231094862916507e-06,2.1752903194283135e-06,0.5818494328388008,-0.007043242454528809,-0.2278919219970703,-0.052997887134552,0.23407928446686344
56,1746551133478585054,1.3237913846969604,0.7914867401123047,0.4053698182106018,-0.18511329591274261,-0.4812024235725403,0.003773514414206147,1.346964716911316,0.5288848876953125,0.3500005900859833,0.030635833740234375,-0.5265053510665894,-0.03997590392827988,1.3273794651031494,0.7992676496505737,0.40342724323272705,1.3854279359293287e-06,5.597978088189848e-06,2.1134555936441757e-06,0.5155937782661844,0.02317333221435547,-0.2626018524169922,-0.05536922812461853,0.26937425200243004
57,1746551133576871650,1.3037253618240356,0.7729559540748596,0.37770435214042664,-0.137269526720047,-0.38608941435813904,-0.1297377347946167,1.348452091217041,0.4747050404548645,0.35000088810920715,0.06942367553710938,-0.5668928623199463,-0.002659030258655548,1.3068311214447021,0.7699996829032898,0.3837081789970398,3.3570549931027927e-06,1.0181815014220774e-05,3.354687805767753e-06,0.4298137255544485,0.04472672939300537,-0.2982509136199951,-0.027703464031219482,0.30285569124037603
58,1746551133676293286,1.3036681413650513,0.7182716727256775,0.36985328793525696,-0.023142317309975624,-0.45925405621528625,-0.0769924446940422,1.3476518392562866,0.4265410602092743,0.35000061988830566,0.0736236572265625,-0.5758804678916931,0.024978630244731903,1.3049368858337402,0.7252067923545837,0.3692646622657776,1.4579635490008513e-06,4.9259265324508306e-06,2.0917862002534093e-06,0.46623780578223606,0.04398369789123535,-0.2917306125164032,-0.019852668046951294,0.2956948501208056
59,1746551133776391565,1.3219900131225586,0.6389933228492737,0.3707594573497772,0.10379183292388916,-0.5931384563446045,-0.016666768118739128,1.3460242748260498,0.3807232081890106,0.3500005602836609,0.044915199279785156,-0.5249109864234924,0.020615804940462112,1.3203437328338623,0.6497690677642822,0.37091487646102905,1.915738039315329e-06,3.4135534860979533e-06,2.2781962343287887e-06,0.6023817345637935,0.02403426170349121,-0.25827011466026306,-0.020758897066116333,0.26021535248647215
60,1746551133875718609,1.3185986280441284,0.6024817824363708,0.36517491936683655,0.06377041339874268,-0.5104972124099731,0.00062697718385607,1.3508086204528809,0.30933988094329834,0.35000115633010864,0.039551496505737305,-0.5430883169174194,0.02218838408589363,1.318695306777954,0.6083727478981018,0.3696514368057251,1.2828584203816717e-06,5.134193997946568e-06,2.046979943770566e-06,0.5144652200137428,0.03220999240875244,-0.2931419014930725,-0.015173763036727905,0.29529629375703464
61,1746551133976398224,1.3221795558929443,0.5610264539718628,0.3582198917865753,0.05688479170203209,-0.4764164388179779,-0.014184991829097271,1.349953055381775,0.2574367821216583,0.35000109672546387,0.03273749351501465,-0.565310537815094,0.03846465051174164,1.3216540813446045,0.5686622858047485,0.3611695468425751,3.563113523341599e-06,1.0031618330685887e-05,3.5245529943495058e-06,0.4800101214518077,0.027773499488830566,-0.30358967185020447,-0.00821879506111145,0.3049682028019109
62,1746551134076433306,1.3202770948410034,0.5245631337165833,0.358289510011673,0.0223915446549654,-0.45045819878578186,0.020447663962841034,1.336715579032898,0.22191382944583893,0.35000112652778625,0.004849672317504883,-0.5657665729522705,0.045218538492918015,1.3236771821975708,0.5320062637329102,0.3575977087020874,8.55400321597699e-06,1.8685468603507616e-05,2.7818668968393467e-06,0.4514776595656794,0.01643848419189453,-0.3026493042707443,-0.008288383483886719,0.30320871102075664
63,1746551134176440103,1.3241022825241089,0.46998322010040283,0.3662037253379822,0.018711064010858536,-0.506722092628479,0.06202053651213646,1.335517168045044,0.17172810435295105,0.35000109672546387,0.005707979202270508,-0.566308319568634,0.03009902685880661,1.3233798742294312,0.4812221825122833,0.36487820744514465,3.5062744245806243e-06,1.322221305599669e-05,2.827134267135989e-06,0.5108462880588021,0.011414885520935059,-0.2982551157474518,-0.01620262861251831,0.29891292855100315
64,1746551134275765735,1.3309566974639893,0.4105220437049866,0.37604543566703796,0.02803279645740986,-0.5692138671875,0.074006088078022,1.3342413902282715,0.12440982460975647,0.3500003516674042,-0.005273103713989258,-0.5423968434333801,0.016315829008817673,1.3297040462493896,0.41908931732177734,0.3712955117225647,3.910580744559411e-06,1.4175208889355417e-05,3.4298266200494254e-06,0.5746887551957002,0.0032846927642822266,-0.2861122190952301,-0.02604508399963379,0.28731400509320926
65,1746551134376001819,1.3514217138290405,0.3093707859516144,0.40638792514801025,0.06821924448013306,-0.6984484791755676,0.14231431484222412,1.3334301710128784,0.0734744668006897,0.3500003218650818,-0.04617571830749512,-0.4348422884941101,-0.05280422046780586,1.3509068489074707,0.31593066453933716,0.40496835112571716,3.1607869459548965e-06,1.206467641168274e-05,2.23131996790471e-06,0.7160569164452747,-0.01799154281616211,-0.23589631915092468,-0.05638760328292847,0.24320841022845743
66,1746551134476628227,1.3801970481872559,0.18831251561641693,0.4247632920742035,0.1131395772099495,-0.805773138999939,0.04717244207859039,1.3324278593063354,0.022797588258981705,0.35000041127204895,-0.09720158576965332,-0.30523350834846497,-0.09707244485616684,1.377832055091858,0.19897015392780304,0.42545098066329956,2.0601582946255803e-06,8.858833098202012e-06,2.519268491596449e-06,0.8150436520559613,-0.04776918888092041,-0.16551492735743523,-0.07476288080215454,0.18779396936620535
67,1746551134576087360,1.3810278177261353,0.13693439960479736,0.39409172534942627,0.05495256930589676,-0.6294413208961487,-0.2364758402109146,1.3314931392669678,-0.03083803690969944,0.3500002920627594,-0.1157224178314209,-0.25949999690055847,-0.06838385760784149,1.3871080875396729,0.12657147645950317,0.40933653712272644,1.7808457641876885e-06,7.727189768047538e-06,2.999423031724291e-06,0.674638410059986,-0.04953467845916748,-0.1677724365144968,-0.04409143328666687,0.18040324086151158
68,1746551134675825821,1.3791120052337646,0.08986148238182068,0.36756810545921326,-0.02364090085029602,-0.45205360651016235,-0.24507318437099457,1.330489993095398,-0.0807255357503891,0.3500002920627594,-0.1006784439086914,-0.2955186665058136,0.008745547384023666,1.3821953535079956,0.09332720935344696,0.375858873128891,1.0887291637118324e-06,3.5055538774031447e-06,2.3208399397844914e-06,0.5147545250404291,-0.0486220121383667,-0.17058701813220978,-0.017567813396453857,0.17824886784256155
69,1746551134775577216,1.3629910945892334,0.07020986080169678,0.3487500250339508,-0.12551411986351013,-0.2601233422756195,-0.1040029227733612,1.3289885520935059,-0.13515444099903107,0.3500005006790161,-0.07317161560058594,-0.3506409525871277,0.048376161605119705,1.3654628992080688,0.07558681070804596,0.35117629170417786,1.1479584145490662e-06,4.277736024960177e-06,1.8474090666131815e-06,0.3069764737356145,-0.03400254249572754,-0.20536430180072784,0.0012504756450653076,0.20816395710980584
70,1746551134879058232,1.359359860420227,0.012299751862883568,0.36534586548805237,-0.12301476299762726,-0.3096946179866791,0.059516195207834244,1.3278058767318726,-0.18436609208583832,0.35000067949295044,-0.06561279296875,-0.3340853452682495,0.01791570708155632,1.3606685400009155,0.01541699655354023,0.36481642723083496,1.134083731813007e-06,2.9134457690815907e-06,1.8378038930677576e-06,0.3385048977744554,-0.03155398368835449,-0.19666584394872189,-0.015345185995101929,0.1997713262605328
71,1746551134977747999,1.3415435552597046,-0.01142602413892746,0.36938390135765076,-0.14466409385204315,-0.2703178822994232,0.054830215871334076,1.3288947343826294,-0.22037090361118317,0.3500009775161743,-0.032018184661865234,-0.37515443563461304,-0.005110625177621841,1.346640706062317,-0.011140771210193634,0.3748404383659363,1.000003976514563e-06,2.447325641696807e-06,1.6687409924998065e-06,0.311457557483158,-0.012648820877075195,-0.2089448794722557,-0.01938292384147644,0.21022286522616962
72,1746551135077971067,1.32052481174469,-0.021148821339011192,0.36535388231277466,-0.14405813813209534,-0.21500486135482788,-0.006939236540347338,1.3280854225158691,-0.27050188183784485,0.3500012457370758,0.01320338249206543,-0.4650338590145111,0.014938145875930786,1.3231801986694336,-0.016445646062493324,0.36523041129112244,1.0902806479862193e-06,3.7036111280031037e-06,1.6844696801854298e-06,0.25889764497201884,0.007560610771179199,-0.24935306049883366,-0.015352636575698853,0.2499396228395845
73,1746551135175390042,1.3030012845993042,-0.035085443407297134,0.3551868498325348,-0.11500653624534607,-0.24450542032718658,-0.05189709737896919,1.327684998512268,-0.31915032863616943,0.35000139474868774,0.048210859298706055,-0.5383038520812988,0.033782001584768295,1.305131196975708,-0.029687760397791862,0.3560170829296112,1.4841906477158773e-06,4.952020390192047e-06,2.1647554149240023e-06,0.2751412594739082,0.024683713912963867,-0.2840648852288723,-0.005185455083847046,0.28518245685360105
74,1746551135276307923,1.2936290502548218,-0.063535675406456,0.34835705161094666,-0.056451473385095596,-0.3459727466106415,-0.03452009707689285,1.326904296875,-0.3701280951499939,0.35000115633010864,0.06668353080749512,-0.5833402872085571,0.04712618887424469,1.2950100898742676,-0.057101085782051086,0.3492562770843506,1.5939968989187037e-06,5.473482815432362e-06,2.4523085357941454e-06,0.35224359092374896,0.03327524662017822,-0.3065924197435379,0.0016441047191619873,0.3083972389016461
75,1746551135376515284,1.335365891456604,-0.1891724169254303,0.3996983766555786,0.1561276763677597,-0.747204601764679,0.18713581562042236,1.328337550163269,-0.41510939598083496,0.35000079870224,0.009531497955322266,-0.4758855998516083,-0.022606179118156433,1.3238749504089355,-0.15911874175071716,0.3823438584804535,1.0000204611060326e-06,2.1964126517559635e-06,1.8330413240619237e-06,0.7859455335544755,-0.007028341293334961,-0.22593697905540466,-0.04969757795333862,0.23144495099363505
76,1746551135475401147,1.3526431322097778,-0.26571959257125854,0.4204917848110199,0.17351414263248444,-0.7631044983863831,0.15136076509952545,1.3326199054718018,-0.44776132702827454,0.3500004708766937,-0.03755688667297363,-0.3837243318557739,-0.0966617614030838,1.349145770072937,-0.25040820240974426,0.4172658622264862,1.076126295629365e-06,2.3081163362803636e-06,1.6209587556659244e-06,0.79708576349257,-0.020023226737976074,-0.182041734457016,-0.07049131393432617,0.19623747866630076
77,1746551135575531089,1.3634943962097168,-0.32469478249549866,0.41645103693008423,0.12733715772628784,-0.6313163638114929,-0.04791416972875595,1.3174819946289062,-0.4862677752971649,0.3500005006790161,-0.09002375602722168,-0.33683866262435913,-0.0961606577038765,1.3610388040542603,-0.31214362382888794,0.4172188639640808,1.3685247495232034e-06,3.8987627704045735e-06,2.131007704520016e-06,0.6458102435040581,-0.04601240158081055,-0.16157299280166626,-0.06645053625106812,0.18066169176163382
78,1746551135676069679,1.3626741170883179,-0.3618745803833008,0.3733273148536682,0.029323389753699303,-0.462266743183136,-0.27345946431159973,1.3081458806991577,-0.5251773595809937,0.35000133514404297,-0.11291313171386719,-0.3333948254585266,-0.032225318253040314,1.36356782913208,-0.355797678232193,0.3860151469707489,3.6924382129654987e-06,7.505941084673395e-06,3.289659616712015e-06,0.5378944893391062,-0.054528236389160156,-0.16330277919769287,-0.023325979709625244,0.1737389639281195
79,1746551135775559331,1.3625953197479248,-0.390748530626297,0.34156274795532227,-0.036888424307107925,-0.32964566349983215,-0.232289656996727,1.3065153360366821,-0.5789273977279663,0.3500005006790161,-0.11202383041381836,-0.3794189691543579,0.04685376212000847,1.3633581399917603,-0.3841000497341156,0.34643617272377014,5.14499879500363e-06,3.7609602259180974e-06,2.1712089619541075e-06,0.40495123664431854,-0.056079983711242676,-0.1881788671016693,0.008437752723693848,0.1965386635442176
80,1746551135877405197,1.3366684913635254,-0.4156155586242676,0.36175015568733215,-0.16024336218833923,-0.28108450770378113,0.06625772267580032,1.3022819757461548,-0.6386705040931702,0.35000109672546387,-0.060668230056762695,-0.43580108880996704,0.018905118107795715,1.3391790390014648,-0.4079923629760742,0.35593023896217346,1.0544817996560596e-06,1.0998245443261112e-06,1.1530831898198812e-06,0.33026734838715666,-0.034386515617370605,-0.2230549454689026,-0.011749058961868286,0.22599553433846484
81,1746551135976750409,1.318879246711731,-0.4450612962245941,0.3653193712234497,-0.17188158631324768,-0.3071039617061615,0.07542534917593002,1.2973531484603882,-0.6991244554519653,0.3500007092952728,-0.03334617614746094,-0.47631412744522095,0.004916161298751831,1.3223947286605835,-0.43881702423095703,0.36379489302635193,1.0724423873398337e-06,1.1048580290662358e-06,1.1819960263892426e-06,0.3599237506854596,-0.021526098251342773,-0.2540631592273712,-0.01531866192817688,0.255433206897202
82,1746551136076671223,1.3042482137680054,-0.4790886342525482,0.36353030800819397,-0.1399272382259369,-0.3666636645793915,0.016208579763770103,1.293605923652649,-0.7541503310203552,0.3500002324581146,0.0008971691131591797,-0.5172016024589539,0.00712624192237854,1.303764820098877,-0.46834322810173035,0.36293312907218933,1.0000202337323572e-06,1.5411006870635902e-06,1.4587892565032234e-06,0.39279077506770077,-0.010642290115356445,-0.275061696767807,-0.013530075550079346,0.2755998155153143
83,1746551136176186578,1.2918081283569336,-0.5170765519142151,0.3556547164916992,-0.09941085427999496,-0.4220319390296936,-0.05837095528841019,1.2951319217681885,-0.8010995388031006,0.35000020265579224,0.0206754207611084,-0.5369139909744263,0.020221076905727386,1.2938857078552246,-0.5088747143745422,0.3567964434623718,1.502705572420382e-06,1.6823105397634208e-06,1.6354399576812284e-06,0.43749359301722696,0.003323793411254883,-0.2840229868888855,-0.005654513835906982,0.28409871208902937
84,1746551136273700229,1.286068081855774,-0.5602346062660217,0.3583885729312897,-0.03490828722715378,-0.4619509279727936,-0.01532642263919115,1.299203634262085,-0.8359116911888123,0.3500012755393982,0.035405874252319336,-0.5440407991409302,0.01490546390414238,1.2869317531585693,-0.5513839721679688,0.3587116301059723,1.1972512083957554e-06,1.4665720300399698e-06,1.4978157878431375e-06,0.46352146401539346,0.013135552406311035,-0.2756770849227905,-0.00838729739189148,0.2761172661136685
85,1746551136374905899,1.2929447889328003,-0.6184353828430176,0.3681207299232483,0.04543144628405571,-0.550528883934021,0.07136157900094986,1.3039095401763916,-0.8853611350059509,0.35000038146972656,0.027105093002319336,-0.536156177520752,-0.0031830109655857086,1.292332649230957,-0.6069226861000061,0.36691972613334656,1.08522294794966e-06,1.0909515140156145e-06,1.1998030231552548e-06,0.5569906133092447,0.010964751243591309,-0.26692575216293335,-0.01812034845352173,0.2677646914095632
86,1746551136474452388,1.293821930885315,-0.6677204370498657,0.3638394773006439,0.04669355973601341,-0.5343118906021118,-0.014885996468365192,1.3088819980621338,-0.9221845269203186,0.3500010073184967,0.02563309669494629,-0.528075098991394,-0.014788923785090446,1.2949249744415283,-0.6603880524635315,0.37288227677345276,1.383461039949907e-06,1.4763585340915597e-06,1.9102221813227516e-06,0.5365548227818663,0.015060067176818848,-0.2544640898704529,-0.013838469982147217,0.25528470754907157
87,1746551136573560284,1.2980514764785767,-0.725985586643219,0.3731271028518677,0.04856809973716736,-0.5623332262039185,0.03848956152796745,1.3051968812942505,-0.9781729578971863,0.350000262260437,0.016038894653320312,-0.5238326787948608,-0.014187367632985115,1.2987091541290283,-0.7134755849838257,0.37224632501602173,1.0000204611060326e-06,1.0000204611060326e-06,1.0549078979238402e-06,0.565737539811176,0.007145404815673828,-0.2521873712539673,-0.023126840591430664,0.2533463593298858
88,1746551136673669125,1.3089205026626587,-0.7878680229187012,0.37980061769485474,0.06380697339773178,-0.600928544998169,0.02574475295841694,1.303552269935608,-1.0311394929885864,0.35000020265579224,-0.0024764537811279297,-0.5010155439376831,-0.029466355219483376,1.3076181411743164,-0.7758859395980835,0.3792140781879425,1.1353508853062522e-06,1.1790320968430024e-06,1.3552420341511606e-06,0.6048547249982306,-0.005368232727050781,-0.24327147006988525,-0.0298004150390625,0.24514871162026375
89,1746551136773068782,1.3003900051116943,-0.8258448243141174,0.35977938771247864,-0.01144888810813427,-0.4836865961551666,-0.0933118462562561,1.3030701875686646,-1.0815346240997314,0.35000020265579224,0.004869222640991211,-0.5117727518081665,-0.004474138841032982,1.3038547039031982,-0.8205552101135254,0.3661837577819824,1.2104678717150819e-06,1.919422402352211e-06,2.11530709748331e-06,0.49273816676895954,0.002680182456970215,-0.255689799785614,-0.009779185056686401,0.25589077660748727
90,1746551136873801388,1.3057184219360352,-0.8847545981407166,0.3525494933128357,-0.002782257506623864,-0.5140060782432556,-0.08202211558818817,1.3063291311264038,-1.1273798942565918,0.35000038146972656,0.0017719268798828125,-0.5035258531570435,0.018666382879018784,1.3061884641647339,-0.8745047450065613,0.35432010889053345,2.1865698727197014e-06,2.3166164737631334e-06,2.0530940219032345e-06,0.520516682608163,0.0006107091903686523,-0.24262529611587524,-0.002549111843109131,0.24263945526690425
91,1746551136974351588,1.3219701051712036,-0.9547067284584045,0.3749329149723053,0.06265046447515488,-0.5823574066162109,0.11633779853582382,1.3040425777435303,-1.1790882349014282,0.3500004708766937,0.0019180774688720703,-0.5001463890075684,0.03146597743034363,1.3056398630142212,-0.9254190325737,0.3479185998439789,6.184612175275106e-06,6.255479092942551e-06,2.734228701228858e-06,0.5971597048594902,-0.01792752742767334,-0.22438150644302368,-0.024932444095611572,0.22647314066328364
92,1746551137074156095,1.3322876691818237,-1.0165119171142578,0.3957671821117401,0.07444608211517334,-0.5837595462799072,0.15128326416015625,1.2956815958023071,-1.236943006515503,0.35000064969062805,-0.051137447357177734,-0.4392094612121582,-0.059538714587688446,1.3307838439941406,-1.0048353672027588,0.39260435104370117,1.2243199307704344e-06,1.2135969882365316e-06,1.3766607480647508e-06,0.6076216364072085,-0.0366060733795166,-0.22043108940124512,-0.04576653242111206,0.2280886785281965
93,1746551137172950947,1.3385154008865356,-1.0689526796340942,0.40651240944862366,0.05379226431250572,-0.5210051536560059,0.05813393369317055,1.3021825551986694,-1.2791314125061035,0.3500010073184967,-0.0608060359954834,-0.4259033203125,-0.07186047732830048,1.336836338043213,-1.060845136642456,0.3976324498653412,3.484619810478762e-06,3.4088468510162784e-06,3.2029413432610454e-06,0.5269910170796336,-0.03633284568786621,-0.21017873287200928,-0.05651140213012695,0.2206551925475008
94,1746551137273077998,1.3420798778533936,-1.1178385019302368,0.40717536211013794,0.019688131287693977,-0.46813639998435974,-0.05206989496946335,1.3022087812423706,-1.3285044431686401,0.3500012755393982,-0.07284069061279297,-0.4282681941986084,-0.09996538609266281,1.3428837060928345,-1.1092395782470703,0.4102180004119873,1.046684019456734e-06,1.2231768096171436e-06,1.5155387700360734e-06,0.4714346035942301,-0.03987109661102295,-0.21066594123840332,-0.057174086570739746,0.22189799304641394
95,1746551137372742173,1.340569019317627,-1.1630032062530518,0.390473335981369,-0.025157172232866287,-0.4391920864582062,-0.16271398961544037,1.296550989151001,-1.3840252161026,0.35000133514404297,-0.07067012786865234,-0.4398033618927002,-0.07017150521278381,1.3409051895141602,-1.1537232398986816,0.3940259516239166,1.0535703722780454e-06,1.0525113793846685e-06,1.1892971087945625e-06,0.4690398858720228,-0.04401803016662598,-0.22102200984954834,-0.04047200083732605,0.22896789877504742
96,1746551137473205048,1.3335294723510742,-1.205944538116455,0.36540549993515015,-0.06833650916814804,-0.4275760054588318,-0.19507640600204468,1.2972416877746582,-1.43359375,0.35000044107437134,-0.0578305721282959,-0.45352959632873535,-0.025132590904831886,1.334608793258667,-1.197475552558899,0.37071049213409424,1.6288532833641511e-06,1.1538866147020599e-06,1.7031360357577796e-06,0.47491675387176424,-0.036287784576416016,-0.22764921188354492,-0.015405058860778809,0.23103740567095962
97,1746551137573019900,1.3216831684112549,-1.2522960901260376,0.3484566807746887,-0.10769931226968765,-0.44963741302490234,-0.10292308777570724,1.2648701667785645,-1.4665257930755615,0.3500005900859833,-0.09377717971801758,-0.41829872131347656,0.014414148405194283,1.3270643949508667,-1.2412116527557373,0.3507242500782013,4.7024182094901334e-06,1.6649860299366992e-06,1.8046955574391177e-06,0.4736729959079114,-0.05681300163269043,-0.21422970294952393,0.0015439093112945557,0.22164039892654688
98,1746551137672444455,1.3117016553878784,-1.297025442123413,0.3428976833820343,-0.11535506695508957,-0.45305201411247253,-0.006182781420648098,1.212685227394104,-1.4684674739837646,0.35000061988830566,-0.1646425724029541,-0.32367849349975586,0.02994372509419918,1.3136171102523804,-1.2879165410995483,0.3430711328983307,1.079774733625527e-06,1.061612806552148e-06,1.1780167596953106e-06,0.46754801437892635,-0.09901642799377441,-0.17144203186035156,0.007102936506271362,0.19810874541035345
99,1746551137772494684,1.3014397621154785,-1.3422138690948486,0.34482914209365845,-0.1251460611820221,-0.4337782859802246,0.03882616013288498,1.1738619804382324,-1.4773048162460327,0.3500005006790161,-0.22156238555908203,-0.25182199478149414,0.02763223461806774,1.3034030199050903,-1.333309292793274,0.34439149498939514,1.2132097708672518e-06,1.0911629715337767e-06,1.345737587143958e-06,0.453136412935421,-0.1275777816772461,-0.13509094715118408,0.005171358585357666,0.18588275156536024
100,1746551137872728687,1.2897824048995972,-1.3853790760040283,0.35254135727882385,-0.1491183042526245,-0.39207780361175537,0.06977195292711258,1.1192303895950317,-1.4786478281021118,0.3500010371208191,-0.3019444942474365,-0.1627662181854248,0.016690364107489586,1.2921415567398071,-1.3770016431808472,0.3499375581741333,1.3549843060900457e-06,1.258116526514641e-06,2.235728516097879e-06,0.42524040043657624,-0.17055201530456543,-0.0932687520980835,-0.0025403201580047607,0.19440551244470317
101,1746551137976438892,1.273362159729004,-1.4224005937576294,0.3551613688468933,-0.19277870655059814,-0.3247695565223694,0.023093629628419876,1.076478123664856,-1.4861946105957031,0.3500012457370758,-0.36039018630981445,-0.10448646545410156,0.007186802104115486,1.277130365371704,-1.415761947631836,0.35460489988327026,1.0000202337323572e-06,1.0000202337323572e-06,1.0290453928973875e-06,0.3783810384684633,-0.19688403606414795,-0.06379401683807373,-0.005160123109817505,0.20702566776067555
102,1746551138073997860,1.252012848854065,-1.4530764818191528,0.3552803099155426,-0.24518534541130066,-0.24351413547992706,-0.0048360759392380714,1.028784990310669,-1.4754345417022705,0.35000067949295044,-0.4148848056793213,-0.019626855850219727,0.005435982719063759,1.2567996978759766,-1.4480186700820923,0.3553517460823059,1.0599470670058508e-06,1.0000202337323572e-06,1.6533304005861282e-06,0.3455985755374075,-0.223227858543396,-0.022358059883117676,-0.005279630422592163,0.22440684964814833
103,1746551138173671783,1.224205493927002,-1.4752861261367798,0.35755565762519836,-0.3211052119731903,-0.16766005754470825,0.002480678725987673,0.9909073710441589,-1.4763233661651611,0.35000112652778625,-0.44419872760772705,0.027820348739624023,-0.0022174790501594543,1.2333451509475708,-1.4739148616790771,0.3589124083518982,1.9968374544987455e-06,1.5207230035230168e-06,2.814647132254322e-06,0.36224936966016097,-0.23329812288284302,-0.0010372400283813477,-0.007554531097412109,0.23342270872311538
104,1746551138274255877,1.1880215406417847,-1.4869410991668701,0.3573814630508423,-0.3859519958496094,-0.07827934622764587,-0.00036829800228588283,0.9433503150939941,-1.4774569272994995,0.3500000834465027,-0.47513508796691895,0.034517765045166016,0.0006112689152359962,1.1955491304397583,-1.4852371215820312,0.3572072386741638,3.3735680062818574e-06,1.3592306231657858e-06,2.0883753677480854e-06,0.3938105315878983,-0.24467122554779053,0.009484171867370605,-0.0073813796043396,0.24496620765307808
105,1746551138372179080,1.1520766019821167,-1.502229928970337,0.3497163653373718,-0.42039385437965393,-0.05107080191373825,-0.029690705239772797,0.8376232981681824,-1.4798219203948975,0.3500002324581146,-0.6042658090591431,0.06877398490905762,0.015310128219425678,1.160344123840332,-1.501076579093933,0.35030385851860046,1.00006400316488e-06,1.00006400316488e-06,1.0002560202337918e-06,0.42452415430211865,-0.3144533038139343,0.022408008575439453,0.00028386712074279785,0.3152508203135365
106,1746551138472411415,1.109153389930725,-1.5093306303024292,0.3509238660335541,-0.4773797392845154,-0.013639701530337334,0.008479802869260311,0.737281858921051,-1.4795056581497192,0.35000061988830566,-0.7259920835494995,0.08716630935668945,0.014947016723453999,1.118405818939209,-1.5098276138305664,0.3501734435558319,1.017080876408727e-06,1.0000202337323572e-06,1.2989944480068516e-06,0.4776498340771093,-0.3718715310096741,0.02982497215270996,-0.0009232461452484131,0.3730667727402611
107,1746551138572094885,1.0614757537841797,-1.5177676677703857,0.35847795009613037,-0.5458180904388428,-0.02408914640545845,0.054299045354127884,0.6391538977622986,-1.4781696796417236,0.35000112652778625,-0.8164554834365845,0.10157251358032227,0.004489004611968994,1.0706140995025635,-1.516350269317627,0.354979932308197,1.4609728395953425e-06,1.00006400316488e-06,1.9217884528188733e-06,0.5490410377660471,-0.4223218560218811,0.03959798812866211,-0.008476823568344116,0.42425889180477167
108,1746551138672136618,1.0036306381225586,-1.522205114364624,0.362438827753067,-0.6400018930435181,0.0016689691692590714,0.028397198766469955,0.5454378724098206,-1.4743252992630005,0.35000091791152954,-0.9295276403427124,0.11319947242736816,-0.019563667476177216,1.0205763578414917,-1.5240285396575928,0.3670341968536377,2.2294270820566453e-06,1.4122501852398273e-06,2.0946570202795556e-06,0.6406337561002832,-0.45819276571273804,0.047879815101623535,-0.012437909841537476,0.4608554967089792
109,1746551138772028319,0.9342051148414612,-1.5221279859542847,0.36198127269744873,-0.7502930164337158,0.038804128766059875,-0.02542700245976448,0.4673275649547577,-1.4683244228363037,0.35000061988830566,-0.9784379601478577,0.09427356719970703,-0.015781627967953682,0.9491420984268188,-1.5201096534729004,0.3647761344909668,1.0958741540889605e-06,1.0375805459261755e-06,1.1397142998248455e-06,0.7517259496469348,-0.4668775498867035,0.05380356311798096,-0.011980652809143066,0.47012020381401937
110,1746551138871196567,0.8560751080513,-1.5248855352401733,0.36446911096572876,-0.8396996855735779,0.048853982239961624,-0.006872555706650019,0.3618202805519104,-1.4682958126068115,0.35000020265579224,-1.0381466150283813,0.10237431526184082,-0.011207163333892822,0.8711735606193542,-1.5251333713531494,0.36221492290496826,1.5320480315494933e-06,1.0710028846006026e-06,1.752294338075444e-06,0.8411477311120854,-0.49425482749938965,0.056589722633361816,-0.014468908309936523,0.4976942641038307
111,1746551138971713964,0.7601373791694641,-1.5150203704833984,0.3560260236263275,-0.9604676961898804,0.08548659086227417,-0.026283172890543938,0.2624381482601166,-1.4687942266464233,0.3500002920627594,-1.0540902614593506,0.08473038673400879,-0.00027887336909770966,0.7783492207527161,-1.5164600610733032,0.35459044575691223,1.4118347735347925e-06,1.219599653268233e-06,1.634234990888217e-06,0.9646227023135753,-0.49769923090934753,0.0462261438369751,-0.006025731563568115,0.4998776752993365
112,1746551139071989821,0.6692847609519958,-1.5140353441238403,0.35235223174095154,-0.9916333556175232,0.060729339718818665,-0.020449968054890633,0.1576722413301468,-1.4701387882232666,0.35000061988830566,-1.0696566104888916,0.08492755889892578,0.006068880669772625,0.6881338953971863,-1.5145968198776245,0.3532019853591919,2.40154804487247e-06,1.2805426194972824e-06,1.9596791389631107e-06,0.9937016483177428,-0.5116125196218491,0.04389655590057373,-0.002351611852645874,0.5134976221289195
113,1746551139172012786,0.5665322542190552,-1.5060008764266968,0.352017343044281,-1.0399158000946045,0.0729549303650856,0.018581191077828407,0.05734553933143616,-1.4705055952072144,0.35000061988830566,-1.064385175704956,0.06669783592224121,0.006921415217220783,0.5881147980690002,-1.5091218948364258,0.35134825110435486,1.8845382783183595e-06,1.0669092489479226e-06,1.598281073711405e-06,1.042637306935085,-0.509186714887619,0.03549528121948242,-0.002016723155975342,0.5104263833102511
114,1746551139271669752,0.46755334734916687,-1.5038803815841675,0.3576507270336151,-1.033390760421753,0.05349280685186386,0.0517137348651886,-0.04610936716198921,-1.4705438613891602,0.3500005304813385,-1.0616425275802612,0.06828665733337402,0.004436268471181393,0.48616498708724976,-1.5042396783828735,0.35392820835113525,2.2238680230657337e-06,1.0900997722274042e-06,1.8504766785554239e-06,1.0360657577990147,-0.5136627145111561,0.033336520195007324,-0.007650196552276611,0.5148001878058807
115,1746551139372250602,0.37615373730659485,-1.5044127702713013,0.3684069812297821,-0.991223931312561,0.03143347427248955,0.06690121442079544,-0.1482083648443222,-1.4704837799072266,0.3500008285045624,-1.0841132402420044,0.06854796409606934,-0.022879518568515778,0.39507701992988586,-1.50455904006958,0.367391973733902,3.4580098144942895e-06,1.1194143780812738e-06,1.985351900657406e-06,0.9939762159139147,-0.524362102150917,0.03392899036407471,-0.018406152725219727,0.525780921123426
116,1746551139470973434,0.2685753107070923,-1.4969213008880615,0.3687151372432709,-1.0395290851593018,0.06194935739040375,0.010617096908390522,-0.24772420525550842,-1.4708802700042725,0.35000020265579224,-1.0763132572174072,0.04962515830993652,-0.02845739759504795,0.2887303829193115,-1.4960440397262573,0.3695988953113556,1.456416725886811e-06,1.0398618996987352e-06,1.1446413736848626e-06,1.0414274648385171,-0.5162995159626007,0.026041030883789062,-0.018714934587478638,0.517294475370963
117,1746551139570947395,0.1617836058139801,-1.488771915435791,0.37022119760513306,-1.0641409158706665,0.06399752199649811,-0.009395324625074863,-0.34237948060035706,-1.4721282720565796,0.35000020265579224,-1.0635634660720825,0.03409862518310547,-0.0297557283192873,0.18277518451213837,-1.4900213479995728,0.36971303820610046,1.252184347322327e-06,1.0548017144174082e-06,1.1815367315648473e-06,1.0661049872205663,-0.5041630864143372,0.016643643379211426,-0.02022099494934082,0.5048428638740039
118,1746551139671332680,0.05965246260166168,-1.4858473539352417,0.3685663938522339,-1.048569679260254,0.046236779540777206,-0.014610910788178444,-0.43828392028808594,-1.473523497581482,0.3500005900859833,-1.057849407196045,0.01538538932800293,-0.0342482291162014,0.08025870472192764,-1.4874305725097656,0.36734262108802795,1.2844637922171387e-06,1.045409021571686e-06,1.163954834737524e-06,1.0496902832551678,-0.4979363828897476,0.012323856353759766,-0.01856580376625061,0.4984347579274948
119,1746551139771537577,-0.0421149879693985,-1.482511281967163,0.3674502968788147,-1.0312575101852417,0.030517060309648514,-0.011678994633257389,-0.5350236296653748,-1.4647233486175537,0.3500002324581146,-1.0487538576126099,0.02740931510925293,-0.03382496535778046,-0.0214482881128788,-1.4782882928848267,0.37081941962242126,1.2570526450872421e-06,1.1331329687891412e-06,1.1786393088186742e-06,1.0317750443769467,-0.49290864169597626,0.017787933349609375,-0.017450064420700073,0.49353808807396926
120,1746551139871439819,-0.14282184839248657,-1.4783128499984741,0.3687189519405365,-1.021019458770752,0.050528764724731445,0.0027192390989512205,-0.5857009291648865,-1.4155924320220947,0.35000061988830566,-0.946361780166626,0.12896299362182617,-0.03024441748857498,-0.12258125841617584,-1.4792650938034058,0.36859604716300964,1.3649653283209773e-06,1.072101667887182e-06,1.1921582654395024e-06,1.0222726082187685,-0.4428790807723999,0.0627204179763794,-0.018718332052230835,0.44768974409936535
121,1746551139970766273,-0.24326953291893005,-1.4727853536605835,0.3675543963909149,-1.0020561218261719,0.06896254420280457,-0.012826315127313137,-0.5866464972496033,-1.3169360160827637,0.35000061988830566,-0.7465623617172241,0.31658339500427246,-0.031366851180791855,-0.22364142537117004,-1.4738857746124268,0.3684910237789154,4.243470812070882e-06,3.47548007084697e-06,3.106024905719096e-06,1.0045082469307938,-0.3433769643306732,0.15584933757781982,-0.017553776502609253,0.37749819963265685
122,1746551140070927436,-0.34029483795166016,-1.4632357358932495,0.3662925064563751,-0.9380815625190735,0.106502003967762,-0.04623347893357277,-0.5793006420135498,-1.2216086387634277,0.3500005602836609,-0.5718826055526733,0.46462154388427734,-0.03902756795287132,-0.3129628598690033,-1.4500129222869873,0.371950626373291,5.5274135775107425e-06,2.7409009817347396e-06,2.178500835725572e-06,0.9452392445099159,-0.23900580406188965,0.24162709712982178,-0.016291946172714233,0.340254104975604
123,1746551140173305369,-0.42625465989112854,-1.4559917449951172,0.3550243377685547,-0.8226083517074585,0.18423521518707275,-0.1002420037984848,-0.5810390114784241,-1.129348874092102,0.35000115633010864,-0.3952156901359558,0.6689386367797852,-0.016021687537431717,-0.4105983078479767,-1.4572292566299438,0.35937806963920593,1.512422954874637e-06,1.050170340022305e-06,1.178138745672186e-06,0.8489261299662204,-0.15478435158729553,0.32664287090301514,-0.005023181438446045,0.36149549507542533
124,1746551140271790682,-0.4988330900669098,-1.4243844747543335,0.3571641147136688,-0.6994298696517944,0.3513520359992981,-0.04163874313235283,-0.577051043510437,-1.0292115211486816,0.3500002920627594,-0.2392684817314148,0.8283720016479492,-0.006370861083269119,-0.49029821157455444,-1.4318759441375732,0.35447612404823303,1.2839749388149357e-06,1.0572263136054971e-06,1.2267545344002428e-06,0.7838266266794082,-0.07821795344352722,0.39517295360565186,-0.007163822650909424,0.40290325371890723
